[[[[ 0.          1.          0.40504968  0.49424288  0.01723632
     0.673614    0.8481926 ]
   [-1.          0.          0.          0.          0.
     0.          0.        ]
   [ 0.          0.          0.          0.          0.
     0.          0.        ]
   [ 0.          0.          0.          0.          0.
     0.          0.        ]
   [ 0.          0.          0.          0.          0.
     0.          0.        ]
   [ 0.          0.          0.          0.          0.
     0.          0.        ]
   [ 0.          0.          0.          0.          0.
     0.          0.        ]
   [ 0.          0.          0.          0.          0.
     0.          0.        ]
   [ 0.          0.          0.          0.          0.
     0.          0.        ]
   [ 0.          0.          0.          0.          0.
     0.          0.        ]
   [ 0.          0.          0.          0.          0.
     0.          0.        ]
   [ 0.          0.          0.          0.          0.
     0.          0.        ]
   [ 0.          0.          0.          0.          0.
     0.          0.        ]
   [ 0.          0.          0.          0.          0.
     0.          0.        ]
   [ 0.          0.          0.          0.          0.
     0.          0.        ]
   [ 0.          0.          0.          0.          0.
     0.          0.        ]
   [ 0.          0.          0.          0.          0.
     0.          0.        ]
   [ 0.          0.          0.          0.          0.
     0.          0.        ]
   [ 0.          0.          0.          0.          0.
     0.          0.        ]
   [ 0.          0.          0.          0.          0.
     0.          0.        ]
   [ 0.          0.          0.          0.          0.
     0.          0.        ]
   [ 0.          0.          0.          0.          0.
     0.          0.        ]
   [ 0.          0.          0.          0.          0.
     0.          0.        ]
   [ 0.          0.          0.          0.          0.
     0.          0.        ]
   [ 0.          0.          0.          0.          0.
     0.          0.        ]
   [ 0.          0.          0.          0.          0.
     0.          0.        ]
   [ 0.          0.          0.          0.          0.
     0.          0.        ]
   [ 0.          0.          0.          0.          0.
     0.          0.        ]
   [ 0.          0.          0.          0.          0.
     0.          0.        ]
   [ 0.          0.          0.          0.          0.
     0.          0.        ]
   [ 0.          0.          0.          0.          0.
     0.          0.        ]
   [ 0.          0.          0.          0.          0.
     0.          0.        ]
   [ 0.          0.          0.          0.          0.
     0.          0.        ]
   [ 0.          0.          0.          0.          0.
     0.          0.        ]
   [ 0.          0.          0.          0.          0.
     0.          0.        ]
   [ 0.          0.          0.          0.          0.
     0.          0.        ]
   [ 0.          0.          0.          0.          0.
     0.          0.        ]
   [ 0.          0.          0.          0.          0.
     0.          0.        ]
   [ 0.          0.          0.          0.          0.
     0.          0.        ]
   [ 0.          0.          0.          0.          0.
     0.          0.        ]
   [ 0.          0.          0.          0.          0.
     0.          0.        ]
   [ 0.          0.          0.          0.          0.
     0.          0.        ]
   [ 0.          0.          0.          0.          0.
     0.          0.        ]
   [ 0.          0.          0.          0.          0.
     0.          0.        ]
   [ 0.          0.          0.          0.          0.
     0.          0.        ]
   [ 0.          0.          0.          0.          0.
     0.          0.        ]
   [ 0.          0.          0.          0.          0.
     0.          0.        ]
   [ 0.          0.          0.          0.          0.
     0.          0.        ]
   [ 0.          0.          0.          0.          0.
     0.          0.        ]
   [ 0.          0.          0.          0.          0.
     0.          0.        ]
   [ 0.          0.          0.          0.          0.
     0.          0.        ]
   [ 0.          0.          0.          0.          0.
     0.          0.        ]
   [ 0.          0.          0.          0.          0.
     0.          0.        ]
   [ 0.          0.          0.          0.          0.
     0.          0.        ]
   [ 0.          0.          0.          0.          0.
     0.          0.        ]
   [ 0.          0.          0.          0.          0.
     0.          0.        ]
   [ 0.          0.          0.          0.          0.
     0.          0.        ]
   [ 0.          0.          0.          0.          0.
     0.          0.        ]
   [ 0.          0.          0.          0.          0.
     0.          0.        ]
   [ 0.          0.          0.          0.          0.
     0.          0.        ]
   [ 0.          0.          0.          0.          0.
     0.          0.        ]
   [ 0.          0.          0.          0.          0.
     0.          0.        ]
   [ 0.          0.          0.          0.          0.
     0.          0.        ]
   [ 0.          0.          0.          0.          0.
     0.          0.        ]
   [ 0.          0.          0.          0.          0.
     0.          0.        ]
   [ 0.          0.          0.          0.          0.
     0.          0.        ]
   [ 0.          0.          0.          0.          0.
     0.          0.        ]
   [ 0.          0.          0.          0.          0.
     0.          0.        ]
   [ 0.          0.          0.          0.          0.
     0.          0.        ]
   [ 0.          0.          0.          0.          0.
     0.          0.        ]
   [ 0.          0.          0.          0.          0.
     0.          0.        ]
   [ 0.          0.          0.          0.          0.
     0.          0.        ]
   [ 0.          0.          0.          0.          0.
     0.          0.        ]
   [ 0.          0.          0.          0.          0.
     0.          0.        ]
   [ 0.          0.          0.          0.          0.
     0.          0.        ]
   [ 0.          0.          0.          0.          0.
     0.          0.        ]
   [ 0.          0.          0.          0.          0.
     0.          0.        ]
   [ 0.          0.          0.          0.          0.
     0.          0.        ]
   [ 0.          0.          0.          0.          0.
     0.          0.        ]
   [ 0.          0.          0.          0.          0.
     0.          0.        ]
   [ 0.          0.          0.          0.          0.
     0.          0.        ]
   [ 0.          0.          0.          0.          0.
     0.          0.        ]
   [ 0.          0.          0.          0.          0.
     0.          0.        ]
   [ 0.          0.          0.          0.          0.
     0.          0.        ]
   [ 0.          0.          0.          0.          0.
     0.          0.        ]
   [ 0.          0.          0.          0.          0.
     0.          0.        ]
   [ 0.          0.          0.          0.          0.
     0.          0.        ]
   [ 0.          0.          0.          0.          0.
     0.          0.        ]
   [ 0.          0.          0.          0.          0.
     0.          0.        ]
   [ 0.          0.          0.          0.          0.
     0.          0.        ]
   [ 0.          0.          0.          0.          0.
     0.          0.        ]
   [ 0.          0.          0.          0.          0.
     0.          0.        ]
   [ 0.          0.          0.          0.          0.
     0.          0.        ]
   [ 0.          0.          0.          0.          0.
     0.          0.        ]
   [ 0.          0.          0.          0.          0.
     0.          0.        ]
   [ 0.          0.          0.          0.          0.
     0.          0.        ]
   [ 0.          0.          0.          0.          0.
     0.          0.        ]
   [ 0.          0.          0.          0.          0.
     0.          0.        ]
   [ 0.          0.          0.          0.          0.
     0.          0.        ]
   [ 0.          0.          0.          0.          0.
     0.          0.        ]]]]